image: test4.pgm
resolution: 0.050000
origin: [-12.650062, -4.736235, 0.000000]
negate: 0
occupied_thresh: 0.65
free_thresh: 0.196

